100.000 0.933 0.549 4.472 5.438 9.900
200.000 1.792 1.127 4.776 6.115 19.100
300.000 0.725 0.487 4.633 5.484 29.400
400.000 0.003 0.030 5.940 5.995 20.000
500.000 0.336 0.343 4.102 4.682 18.200
600.000 0.577 0.473 3.517 4.277 15.400
700.000 0.305 -0.230 10.297 9.745 18.100
800.000 496.522 -14.456 3.283 -19.000 20.400
900.000 0.293 0.327 3.583 4.125 24.100
1000.000 1.783 1.009 3.530 4.866 23.900
1100.000 0.350 0.387 3.035 3.627 24.100
1200.000 1.880 1.022 3.882 5.254 22.300
1300.000 0.174 0.269 3.873 4.290 23.300
1400.000 2.100 1.003 4.105 5.554 23.400
1500.000 0.002 0.021 6.664 6.704 19.900
1600.000 0.018 -0.071 7.138 7.003 21.500
1700.000 0.231 0.313 4.108 4.589 21.800
1800.000 1.787 0.927 3.270 4.607 24.800
1900.000 3.438 1.507 6.637 8.491 25.900
2000.000 2.145 1.037 4.216 5.681 19.700
