10765344.000 21535690.000 -2501.197 4628.039 4628.039 -12.416 -12.416 -3.031 52.720 2.358 2.646
6328368.000 12663548.000 -3405.941 3547.184 3547.062 -9.458 -5.714 -3.031 34.509 2.355 1.733
3645307.750 7300060.500 -4722.382 2692.740 2692.542 -9.458 -5.714 -3.031 34.509 2.355 1.733
1869075.000 3767557.000 -14703.477 1933.252 1933.026 -9.458 -5.714 -3.031 34.509 2.355 1.733
804778.438 1668908.500 -29675.842 1284.338 1284.123 -9.458 -5.714 -3.031 34.509 2.355 1.733
251479.875 562311.438 -29675.842 741.556 741.385 -9.458 -5.714 -3.031 34.509 2.355 1.733
22745.150 104841.984 -29675.842 313.316 313.213 -9.458 -5.714 -3.031 34.509 2.355 1.733
-27479.314 4393.055 -29675.842 52.157 52.120 -9.458 -5.714 -3.031 34.509 2.355 1.733
-28542.385 2266.914 -29675.842 -53.995 -53.995 -9.458 -5.714 -3.031 34.509 2.355 1.733
-29235.814 880.056 -29675.842 14.550 14.549 -9.458 -5.714 -3.031 34.509 2.355 1.733
-29309.287 733.109 -29675.842 -34.286 -34.168 -9.458 -5.714 -3.031 34.509 2.355 1.733
-28997.139 1357.406 -29675.842 28.493 29.197 -9.458 -5.714 -3.031 34.509 2.355 1.733
-29460.705 430.273 -29675.842 -27.988 -27.554 -9.458 -5.714 -3.031 34.509 2.355 1.733
-28842.221 1667.243 -29675.842 31.931 33.652 -9.458 -5.714 -3.031 34.509 2.355 1.733
-29484.338 383.006 -29675.842 -26.978 -26.174 -9.458 -5.714 -3.031 34.509 2.355 1.733
-28884.195 1583.292 -29675.842 30.429 33.070 -9.458 -5.714 -3.031 34.509 2.355 1.733
-29504.693 342.296 -29675.842 -26.072 -24.892 -9.458 -5.714 -3.031 34.509 2.355 1.733
-28927.744 1496.196 -29675.842 28.890 32.378 -9.458 -5.714 -3.031 34.509 2.355 1.733
-29523.227 305.231 -29675.842 -25.196 -23.649 -9.458 -5.714 -3.031 34.509 2.355 1.733
-28968.432 1414.819 -29675.842 27.438 31.676 -9.458 -5.714 -3.031 34.509 2.355 1.733
-29539.873 271.939 -29675.842 -24.354 -22.460 -9.458 -5.714 -3.031 34.509 2.355 1.733
-29005.164 1341.354 -29675.842 26.124 30.996 -9.458 -5.714 -3.031 34.509 2.355 1.733
-29564.367 222.951 -29675.842 -22.898 -20.655 -9.458 -5.714 -3.031 34.509 2.355 1.733
-29008.127 1335.428 -29675.842 25.742 31.191 -9.458 -5.714 -3.031 34.509 2.355 1.733
-29577.736 196.212 -29675.842 -22.050 -19.542 -9.458 -5.714 -3.031 34.509 2.355 1.733
-29032.053 1287.578 -29675.842 24.886 30.706 -9.458 -5.714 -3.031 34.509 2.355 1.733
-29591.773 168.135 -29675.842 -21.047 -18.313 -9.458 -5.714 -3.031 34.509 2.355 1.733
-29039.855 1271.973 -29675.842 24.530 30.625 -9.458 -5.714 -3.031 34.509 2.355 1.733
-29606.072 139.538 -29675.842 -19.887 -16.960 -9.458 -5.714 -3.031 34.509 2.355 1.733
-29031.055 1289.573 -29675.842 24.668 30.973 -9.458 -5.714 -3.031 34.509 2.355 1.733
-29613.861 123.961 -29675.842 -19.181 -16.155 -9.458 -5.714 -3.031 34.509 2.355 1.733
-29037.299 1277.085 -29675.842 24.444 30.839 -9.458 -5.714 -3.031 34.509 2.355 1.733
-29619.029 113.627 -29675.842 -18.663 -15.597 -9.458 -5.714 -3.031 34.509 2.355 1.733
-29046.328 1259.026 -29675.842 24.165 30.610 -9.458 -5.714 -3.031 34.509 2.355 1.733
-29628.406 94.871 -29675.842 -17.659 -14.504 -9.458 -5.714 -3.031 34.509 2.355 1.733
-29021.402 1308.880 -29675.842 24.803 31.378 -9.458 -5.714 -3.031 34.509 2.355 1.733
-29657.391 36.903 -29675.842 -13.100 -9.559 -9.458 -5.714 -3.031 34.509 2.355 1.733
-28795.482 1760.718 -29675.842 30.295 37.536 -9.458 -5.714 -3.031 34.509 2.355 1.733
-29662.053 27.579 -29675.842 -11.659 -7.962 -9.458 -5.714 -3.031 34.509 2.355 1.733
-28726.240 1899.204 -29675.842 31.907 39.214 -9.458 -5.714 -3.031 34.509 2.355 1.733
-29664.451 22.779 -29675.842 -10.376 -6.617 -9.458 -5.714 -3.031 34.509 2.355 1.733
-28686.246 1979.191 -29675.842 32.401 40.591 -9.458 -5.714 -3.031 34.509 2.355 1.733
-29665.332 21.019 -29675.842 -10.598 -6.556 -9.458 -5.714 -3.031 34.509 2.355 1.733
-28686.941 1977.800 -29675.842 34.974 38.202 -9.458 -5.714 -3.031 34.509 2.355 1.733
-29665.633 20.416 -29675.842 -9.542 -7.450 -9.458 -5.714 -3.031 34.509 2.355 1.733
-28828.760 1694.164 -29675.842 14.398 46.742 -9.458 -5.714 -3.031 34.509 2.355 1.733
-29646.643 58.398 -29675.842 -18.597 -5.996 -9.458 -5.714 -3.031 34.509 2.355 1.733
-29087.131 1177.421 -29675.842 30.849 20.716 -9.458 -5.714 -3.031 34.509 2.355 1.733
-29625.695 100.294 -29675.842 -14.929 -17.236 -9.458 -5.714 -3.031 34.509 2.355 1.733
-29112.576 1126.531 -29675.842 21.592 29.547 -9.458 -5.714 -3.031 34.509 2.355 1.733
-29632.980 85.724 -29675.842 -17.627 -13.994 -9.458 -5.714 -3.031 34.509 2.355 1.733
-29080.008 1191.667 -29675.842 23.375 29.782 -9.458 -5.714 -3.031 34.509 2.355 1.733
-29665.145 21.393 -29675.842 -7.642 -3.728 -9.458 -5.714 -3.031 34.509 2.355 1.733
-29162.199 1027.284 -29675.842 -40.205 -38.324 -9.458 -5.714 -3.031 34.509 2.355 1.733
-29666.137 19.409 -29675.842 -8.464 -4.180 -9.458 -5.714 -3.031 34.509 2.355 1.733
-29178.818 994.049 -29675.842 -38.575 -38.776 -9.458 -5.714 -3.031 34.509 2.355 1.733
-29665.855 19.974 -29675.842 -7.260 -5.909 -9.458 -5.714 -3.031 34.509 2.355 1.733
-29556.938 237.810 -29675.842 -13.340 4.779 -9.458 -5.714 -3.031 34.509 2.355 1.733
-29271.250 809.185 -29675.842 -42.065 -28.547 -9.458 -5.714 -3.031 34.509 2.355 1.733
-29390.227 571.230 -29675.842 5.642 23.517 -9.458 -5.714 -3.031 34.509 2.355 1.733
-29540.592 270.500 -29675.842 -28.615 -17.627 -9.458 -5.714 -3.031 34.509 2.355 1.733
-29354.525 642.634 -29675.842 12.542 21.825 -9.458 -5.714 -3.031 34.509 2.355 1.733
-29664.078 23.527 -29675.842 -12.905 -7.232 -9.458 -5.714 -3.031 34.509 2.355 1.733
-28817.174 1717.336 -29675.842 36.193 30.643 -9.458 -5.714 -3.031 34.509 2.355 1.733
-29658.607 34.467 -29675.842 -3.456 -5.133 -9.458 -5.714 -3.031 34.509 2.355 1.733
-29276.268 799.150 -29675.842 -41.932 -28.359 -9.458 -5.714 -3.031 34.509 2.355 1.733
-29620.393 110.899 -29675.842 -8.935 8.041 -9.458 -5.714 -3.031 34.509 2.355 1.733
-29371.340 609.005 -29675.842 -29.308 -33.642 -9.458 -5.714 -3.031 34.509 2.355 1.733
-29598.039 155.606 -29675.842 4.825 3.021 -9.458 -5.714 -3.031 34.509 2.355 1.733
-29410.555 530.575 -29675.842 -31.902 -28.503 -9.458 -5.714 -3.031 34.509 2.355 1.733
-29582.221 187.243 -29675.842 2.448 8.453 -9.458 -5.714 -3.031 34.509 2.355 1.733
-29434.941 481.800 -29675.842 -30.094 -28.050 -9.458 -5.714 -3.031 34.509 2.355 1.733
-29567.531 216.620 -29675.842 4.120 8.947 -9.458 -5.714 -3.031 34.509 2.355 1.733
-29454.730 442.222 -29675.842 -29.250 -27.025 -9.458 -5.714 -3.031 34.509 2.355 1.733
-29554.145 243.394 -29675.842 4.933 9.966 -9.458 -5.714 -3.031 34.509 2.355 1.733
-29490.582 370.518 -29675.842 -27.500 -25.147 -9.458 -5.714 -3.031 34.509 2.355 1.733
-29516.287 319.111 -29675.842 7.146 12.402 -9.458 -5.714 -3.031 34.509 2.355 1.733
-29533.191 285.302 -29675.842 -25.189 -22.634 -9.458 -5.714 -3.031 34.509 2.355 1.733
-29454.209 443.264 -29675.842 10.247 15.826 -9.458 -5.714 -3.031 34.509 2.355 1.733
-29568.045 215.594 -29675.842 -22.981 -20.281 -9.458 -5.714 -3.031 34.509 2.355 1.733
-29387.422 576.839 -29675.842 13.096 18.962 -9.458 -5.714 -3.031 34.509 2.355 1.733
-29590.775 170.134 -29675.842 -21.331 -18.509 -9.458 -5.714 -3.031 34.509 2.355 1.733
-29331.539 688.606 -29675.842 15.222 21.315 -9.458 -5.714 -3.031 34.509 2.355 1.733
-29662.338 27.009 -29675.842 -12.562 -8.980 -9.458 -5.714 -3.031 34.509 2.355 1.733
-28925.775 1500.134 -29675.842 27.075 34.537 -9.458 -5.714 -3.031 34.509 2.355 1.733
-29667.537 16.610 -29675.842 -9.971 -6.054 -9.458 -5.714 -3.031 34.509 2.355 1.733
-29479.928 391.829 -29675.842 9.599 13.974 -9.458 -5.714 -3.031 34.509 2.355 1.733
-29522.025 307.633 -29675.842 -25.737 -23.459 -9.458 -5.714 -3.031 34.509 2.355 1.733
-29487.391 376.904 -29675.842 8.707 14.048 -9.458 -5.714 -3.031 34.509 2.355 1.733
-29527.340 297.005 -29675.842 -25.455 -23.105 -9.458 -5.714 -3.031 34.509 2.355 1.733
-29488.299 375.087 -29675.842 8.641 14.042 -9.458 -5.714 -3.031 34.509 2.355 1.733
-29590.918 169.848 -29675.842 -21.335 -18.540 -9.458 -5.714 -3.031 34.509 2.355 1.733
-29351.941 647.802 -29675.842 14.462 20.521 -9.458 -5.714 -3.031 34.509 2.355 1.733
-29667.355 16.974 -29675.842 -10.569 -6.742 -9.458 -5.714 -3.031 34.509 2.355 1.733
-28835.141 1681.404 -29675.842 29.602 36.677 -9.458 -5.714 -3.031 34.509 2.355 1.733
-29636.551 78.581 -29675.842 -1.829 2.589 -9.458 -5.714 -3.031 34.509 2.355 1.733
-29359.982 631.719 -29675.842 -33.245 -31.391 -9.458 -5.714 -3.031 34.509 2.355 1.733
-29640.664 70.354 -29675.842 -2.369 2.025 -9.458 -5.714 -3.031 34.509 2.355 1.733
-29369.516 612.652 -29675.842 -32.839 -31.010 -9.458 -5.714 -3.031 34.509 2.355 1.733
-29643.629 64.427 -29675.842 -2.751 1.606 -9.458 -5.714 -3.031 34.509 2.355 1.733
-29410.598 530.487 -29675.842 -31.200 -29.173 -9.458 -5.714 -3.031 34.509 2.355 1.733
-29623.117 105.450 -29675.842 -0.441 4.205 -9.458 -5.714 -3.031 34.509 2.355 1.733
-29496.264 359.157 -29675.842 -27.293 -24.810 -9.458 -5.714 -3.031 34.509 2.355 1.733
-29539.605 272.475 -29675.842 5.792 11.106 -9.458 -5.714 -3.031 34.509 2.355 1.733
-29657.721 36.241 -29675.842 -13.937 -10.312 -9.458 -5.714 -3.031 34.509 2.355 1.733
-29032.090 1287.504 -29675.842 24.620 31.393 -9.458 -5.714 -3.031 34.509 2.355 1.733
-29667.975 15.735 -29675.842 -8.771 -4.834 -9.458 -5.714 -3.031 34.509 2.355 1.733
-29318.865 713.951 -29675.842 -34.880 -32.984 -9.458 -5.714 -3.031 34.509 2.355 1.733
-29657.805 36.073 -29675.842 -5.145 -0.799 -9.458 -5.714 -3.031 34.509 2.355 1.733
-29329.668 692.348 -29675.842 -34.275 -32.737 -9.458 -5.714 -3.031 34.509 2.355 1.733
-29660.080 31.525 -29675.842 -5.446 -1.524 -9.458 -5.714 -3.031 34.509 2.355 1.733
-29348.416 654.851 -29675.842 -33.860 -31.724 -9.458 -5.714 -3.031 34.509 2.355 1.733
-29550.762 250.159 -29675.842 4.362 8.921 -9.458 -5.714 -3.031 34.509 2.355 1.733
-29634.707 82.271 -29675.842 -17.640 -13.865 -9.458 -5.714 -3.031 34.509 2.355 1.733
-29115.059 1121.565 -29675.842 22.214 28.425 -9.458 -5.714 -3.031 34.509 2.355 1.733
-29642.982 65.718 -29675.842 -2.850 1.948 -9.458 -5.714 -3.031 34.509 2.355 1.733
-29362.023 627.637 -29675.842 -32.995 -31.482 -9.458 -5.714 -3.031 34.509 2.355 1.733
-29646.658 58.366 -29675.842 -2.996 1.034 -9.458 -5.714 -3.031 34.509 2.355 1.733
-29372.182 607.322 -29675.842 -32.870 -30.802 -9.458 -5.714 -3.031 34.509 2.355 1.733
-29648.625 54.433 -29675.842 -3.556 1.022 -9.458 -5.714 -3.031 34.509 2.355 1.733
-29430.369 490.945 -29675.842 -30.267 -28.356 -9.458 -5.714 -3.031 34.509 2.355 1.733
-29622.701 106.280 -29675.842 -0.282 4.284 -9.458 -5.714 -3.031 34.509 2.355 1.733
-29550.109 251.464 -29675.842 -24.181 -21.614 -9.458 -5.714 -3.031 34.509 2.355 1.733
-29490.719 370.245 -29675.842 8.429 14.021 -9.458 -5.714 -3.031 34.509 2.355 1.733
-29612.990 125.703 -29675.842 -19.582 -16.550 -9.458 -5.714 -3.031 34.509 2.355 1.733
-29332.754 686.177 -29675.842 15.130 21.405 -9.458 -5.714 -3.031 34.509 2.355 1.733
-29667.578 16.528 -29675.842 -8.267 -4.225 -9.458 -5.714 -3.031 34.509 2.355 1.733
-29291.275 769.133 -29675.842 -35.590 -34.289 -9.458 -5.714 -3.031 34.509 2.355 1.733
-29668.217 15.249 -29675.842 -8.624 -5.126 -9.458 -5.714 -3.031 34.509 2.355 1.733
-29459.002 433.679 -29675.842 -30.968 -25.019 -9.458 -5.714 -3.031 34.509 2.355 1.733
-29545.844 259.997 -29675.842 2.754 11.380 -9.458 -5.714 -3.031 34.509 2.355 1.733
-29637.717 76.250 -29675.842 -18.104 -12.706 -9.458 -5.714 -3.031 34.509 2.355 1.733
-29210.955 929.774 -29675.842 19.925 25.142 -9.458 -5.714 -3.031 34.509 2.355 1.733
-29658.689 34.303 -29675.842 -4.968 -1.160 -9.458 -5.714 -3.031 34.509 2.355 1.733
-29343.432 664.819 -29675.842 -34.123 -31.894 -9.458 -5.714 -3.031 34.509 2.355 1.733
-29661.250 29.183 -29675.842 -6.085 -1.362 -9.458 -5.714 -3.031 34.509 2.355 1.733
-29355.344 640.997 -29675.842 -32.917 -32.063 -9.458 -5.714 -3.031 34.509 2.355 1.733
-29661.490 28.703 -29675.842 -5.351 -2.273 -9.458 -5.714 -3.031 34.509 2.355 1.733
-29536.234 279.215 -29675.842 -25.536 -22.091 -9.458 -5.714 -3.031 34.509 2.355 1.733
-29509.836 332.012 -29675.842 7.068 13.134 -9.458 -5.714 -3.031 34.509 2.355 1.733
-29650.082 51.520 -29675.842 -15.642 -11.729 -9.458 -5.714 -3.031 34.509 2.355 1.733
-29144.930 1061.825 -29675.842 21.674 27.769 -9.458 -5.714 -3.031 34.509 2.355 1.733
-29660.861 29.962 -29675.842 -5.563 -1.554 -9.458 -5.714 -3.031 34.509 2.355 1.733
-29333.746 684.191 -29675.842 -34.361 -32.405 -9.458 -5.714 -3.031 34.509 2.355 1.733
-29663.174 25.336 -29675.842 -6.411 -2.032 -9.458 -5.714 -3.031 34.509 2.355 1.733
-29345.598 660.488 -29675.842 -33.501 -32.286 -9.458 -5.714 -3.031 34.509 2.355 1.733
-29664.297 23.089 -29675.842 -6.367 -2.879 -9.458 -5.714 -3.031 34.509 2.355 1.733
-29432.617 486.448 -29675.842 -30.878 -27.772 -9.458 -5.714 -3.031 34.509 2.355 1.733
-27734.482 3882.719 -29675.842 50.862 55.362 -9.458 -5.714 -3.031 34.509 2.355 1.733
-29628.805 94.074 -29675.842 -1.139 2.819 -9.458 -5.714 -3.031 34.509 2.355 1.733
-29342.076 667.533 -29675.842 -34.581 -31.572 -9.458 -5.714 -3.031 34.509 2.355 1.733
-29657.264 37.157 -29675.842 -6.167 -0.567 -9.458 -5.714 -3.031 34.509 2.355 1.733
-29579.236 193.211 -29675.842 -22.431 -19.427 -9.458 -5.714 -3.031 34.509 2.355 1.733
-29408.072 535.538 -29675.842 12.231 18.191 -9.458 -5.714 -3.031 34.509 2.355 1.733
-29659.188 33.311 -29675.842 -13.884 -10.123 -9.458 -5.714 -3.031 34.509 2.355 1.733
-29056.863 1237.958 -29675.842 24.087 30.525 -9.458 -5.714 -3.031 34.509 2.355 1.733
-29667.631 16.420 -29675.842 -7.742 -3.948 -9.458 -5.714 -3.031 34.509 2.355 1.733
-29279.705 792.272 -29675.842 -36.701 -34.125 -9.458 -5.714 -3.031 34.509 2.355 1.733
-29668.324 15.037 -29675.842 -9.028 -3.974 -9.458 -5.714 -3.031 34.509 2.355 1.733
-29314.090 723.502 -29675.842 -31.129 -36.310 -9.458 -5.714 -3.031 34.509 2.355 1.733
-29658.385 34.914 -29675.842 -3.241 -7.599 -9.458 -5.714 -3.031 34.509 2.355 1.733
-29494.998 361.686 -29675.842 -34.112 -15.602 -9.458 -5.714 -3.031 34.509 2.355 1.733
-28888.648 1574.387 -29675.842 22.024 39.910 -9.458 -5.714 -3.031 34.509 2.355 1.733
-29640.580 70.522 -29675.842 -20.237 -6.796 -9.458 -5.714 -3.031 34.509 2.355 1.733
-29245.334 861.017 -29675.842 22.677 19.616 -9.458 -5.714 -3.031 34.509 2.355 1.733
-29648.982 53.717 -29675.842 -1.003 -2.455 -9.458 -5.714 -3.031 34.509 2.355 1.733
-29391.164 569.357 -29675.842 -33.607 -28.640 -9.458 -5.714 -3.031 34.509 2.355 1.733
-29646.564 58.556 -29675.842 -5.845 3.124 -9.458 -5.714 -3.031 34.509 2.355 1.733
-29416.307 519.071 -29675.842 -29.601 -30.168 -9.458 -5.714 -3.031 34.509 2.355 1.733
-29645.125 61.435 -29675.842 -1.380 -0.141 -9.458 -5.714 -3.031 34.509 2.355 1.733
-29470.859 409.966 -29675.842 -29.057 -25.830 -9.458 -5.714 -3.031 34.509 2.355 1.733
-29616.977 117.731 -29675.842 -0.464 5.627 -9.458 -5.714 -3.031 34.509 2.355 1.733
-29534.797 282.089 -29675.842 -25.069 -22.733 -9.458 -5.714 -3.031 34.509 2.355 1.733
-29551.182 249.322 -29675.842 5.075 10.384 -9.458 -5.714 -3.031 34.509 2.355 1.733
-29606.400 138.884 -29675.842 -20.213 -17.253 -9.458 -5.714 -3.031 34.509 2.355 1.733
-29400.285 551.113 -29675.842 12.468 18.636 -9.458 -5.714 -3.031 34.509 2.355 1.733
-29669.002 13.680 -29675.842 -9.208 -5.167 -9.458 -5.714 -3.031 34.509 2.355 1.733
-29596.352 158.979 -29675.842 -20.441 -18.692 -9.458 -5.714 -3.031 34.509 2.355 1.733
-29435.225 481.233 -29675.842 11.165 16.840 -9.458 -5.714 -3.031 34.509 2.355 1.733
-29605.578 140.529 -29675.842 -20.112 -17.498 -9.458 -5.714 -3.031 34.509 2.355 1.733
-29414.680 522.325 -29675.842 11.891 17.970 -9.458 -5.714 -3.031 34.509 2.355 1.733
-29648.818 54.046 -29675.842 -15.586 -12.283 -9.458 -5.714 -3.031 34.509 2.355 1.733
-29223.965 903.752 -29675.842 18.733 25.602 -9.458 -5.714 -3.031 34.509 2.355 1.733
-29667.078 17.528 -29675.842 -11.532 -7.766 -9.458 -5.714 -3.031 34.509 2.355 1.733
-29024.910 1301.862 -29675.842 24.673 31.757 -9.458 -5.714 -3.031 34.509 2.355 1.733
-29669.207 13.270 -29675.842 -8.960 -5.246 -9.458 -5.714 -3.031 34.509 2.355 1.733
-29568.176 215.332 -29675.842 -24.095 -19.462 -9.458 -5.714 -3.031 34.509 2.355 1.733
-29496.000 359.682 -29675.842 7.455 14.419 -9.458 -5.714 -3.031 34.509 2.355 1.733
-29573.730 204.224 -29675.842 -22.586 -20.105 -9.458 -5.714 -3.031 34.509 2.355 1.733
-29498.762 354.161 -29675.842 8.009 13.669 -9.458 -5.714 -3.031 34.509 2.355 1.733
-29655.266 41.152 -29675.842 -14.523 -11.169 -9.458 -5.714 -3.031 34.509 2.355 1.733
-29183.127 985.429 -29675.842 19.960 27.052 -9.458 -5.714 -3.031 34.509 2.355 1.733
-29665.578 20.528 -29675.842 -7.027 -2.652 -9.458 -5.714 -3.031 34.509 2.355 1.733
-29358.873 633.939 -29675.842 -32.900 -31.871 -9.458 -5.714 -3.031 34.509 2.355 1.733
-29667.197 17.288 -29675.842 -7.191 -4.001 -9.458 -5.714 -3.031 34.509 2.355 1.733
-29375.611 600.461 -29675.842 -33.747 -29.766 -9.458 -5.714 -3.031 34.509 2.355 1.733
-29666.715 18.255 -29675.842 -9.385 -2.282 -9.458 -5.714 -3.031 34.509 2.355 1.733
-29522.668 306.349 -29675.842 -21.872 -26.365 -9.458 -5.714 -3.031 34.509 2.355 1.733
-26350.162 6651.359 -29675.842 75.089 71.009 -9.458 -5.714 -3.031 34.509 2.355 1.733
-29655.045 41.592 -29675.842 -2.711 -6.215 -9.458 -5.714 -3.031 34.509 2.355 1.733
-29361.590 628.505 -29675.842 -32.356 -32.124 -9.458 -5.714 -3.031 34.509 2.355 1.733
-29665.418 20.847 -29675.842 -6.651 -4.743 -9.458 -5.714 -3.031 34.509 2.355 1.733
-29577.352 196.979 -29675.842 -23.463 -18.756 -9.458 -5.714 -3.031 34.509 2.355 1.733
-29398.877 553.931 -29675.842 11.849 18.694 -9.458 -5.714 -3.031 34.509 2.355 1.733
-29660.871 29.940 -29675.842 -6.300 -0.746 -9.458 -5.714 -3.031 34.509 2.355 1.733
-29379.533 592.616 -29675.842 -31.441 -31.553 -9.458 -5.714 -3.031 34.509 2.355 1.733
-29662.326 27.032 -29675.842 -4.902 -2.969 -9.458 -5.714 -3.031 34.509 2.355 1.733
-29402.705 546.275 -29675.842 -33.038 -28.202 -9.458 -5.714 -3.031 34.509 2.355 1.733
-29654.207 43.269 -29675.842 -6.402 1.470 -9.458 -5.714 -3.031 34.509 2.355 1.733
-29612.605 126.474 -29675.842 -19.736 -16.640 -9.458 -5.714 -3.031 34.509 2.355 1.733
-29376.961 597.763 -29675.842 13.289 19.501 -9.458 -5.714 -3.031 34.509 2.355 1.733
-29669.328 13.029 -29675.842 -9.353 -5.010 -9.458 -5.714 -3.031 34.509 2.355 1.733
-29594.398 162.888 -29675.842 -18.912 -20.109 -9.458 -5.714 -3.031 34.509 2.355 1.733
-29448.633 454.417 -29675.842 11.087 15.718 -9.458 -5.714 -3.031 34.509 2.355 1.733
-29613.301 125.083 -29675.842 -19.371 -16.876 -9.458 -5.714 -3.031 34.509 2.355 1.733
-29401.561 548.561 -29675.842 12.420 18.589 -9.458 -5.714 -3.031 34.509 2.355 1.733
-29642.887 65.911 -29675.842 -16.412 -13.267 -9.458 -5.714 -3.031 34.509 2.355 1.733
-29284.164 783.356 -29675.842 16.712 23.474 -9.458 -5.714 -3.031 34.509 2.355 1.733
-29661.887 27.909 -29675.842 -13.189 -9.722 -9.458 -5.714 -3.031 34.509 2.355 1.733
-29147.408 1056.866 -29675.842 20.932 28.326 -9.458 -5.714 -3.031 34.509 2.355 1.733
-29667.082 17.518 -29675.842 -11.554 -7.952 -9.458 -5.714 -3.031 34.509 2.355 1.733
-29074.008 1203.670 -29675.842 22.800 30.810 -9.458 -5.714 -3.031 34.509 2.355 1.733
-29669.119 13.445 -29675.842 -10.403 -6.534 -9.458 -5.714 -3.031 34.509 2.355 1.733
-29176.059 999.566 -29675.842 20.621 26.905 -9.458 -5.714 -3.031 34.509 2.355 1.733
-29662.215 27.255 -29675.842 -12.889 -9.866 -9.458 -5.714 -3.031 34.509 2.355 1.733
-29165.545 1020.595 -29675.842 19.747 28.288 -9.458 -5.714 -3.031 34.509 2.355 1.733
-29669.422 12.839 -29675.842 -10.211 -6.008 -9.458 -5.714 -3.031 34.509 2.355 1.733
-29522.420 306.843 -29675.842 8.896 10.165 -9.458 -5.714 -3.031 34.509 2.355 1.733
-29573.105 205.471 -29675.842 -22.300 -20.478 -9.458 -5.714 -3.031 34.509 2.355 1.733
-29532.027 287.627 -29675.842 6.418 11.531 -9.458 -5.714 -3.031 34.509 2.355 1.733
-29581.088 189.508 -29675.842 -21.945 -19.669 -9.458 -5.714 -3.031 34.509 2.355 1.733
-29524.740 302.204 -29675.842 6.624 12.127 -9.458 -5.714 -3.031 34.509 2.355 1.733
-29622.348 106.988 -29675.842 -18.699 -15.783 -9.458 -5.714 -3.031 34.509 2.355 1.733
-29403.967 543.751 -29675.842 12.217 18.515 -9.458 -5.714 -3.031 34.509 2.355 1.733
-29667.928 15.827 -29675.842 -11.317 -7.390 -9.458 -5.714 -3.031 34.509 2.355 1.733
-29062.406 1226.870 -29675.842 24.208 30.141 -9.458 -5.714 -3.031 34.509 2.355 1.733
-29625.938 99.809 -29675.842 -0.288 3.812 -9.458 -5.714 -3.031 34.509 2.355 1.733
-29480.180 391.323 -29675.842 -27.963 -25.968 -9.458 -5.714 -3.031 34.509 2.355 1.733
-29632.369 86.945 -29675.842 -1.329 3.368 -9.458 -5.714 -3.031 34.509 2.355 1.733
-29490.076 371.533 -29675.842 -27.325 -25.536 -9.458 -5.714 -3.031 34.509 2.355 1.733
-29634.363 82.958 -29675.842 -1.468 2.965 -9.458 -5.714 -3.031 34.509 2.355 1.733
-29545.957 259.768 -29675.842 -24.430 -22.023 -9.458 -5.714 -3.031 34.509 2.355 1.733
-29570.699 210.285 -29675.842 3.753 9.064 -9.458 -5.714 -3.031 34.509 2.355 1.733
-29647.543 56.596 -29675.842 -15.917 -12.432 -9.458 -5.714 -3.031 34.509 2.355 1.733
-29257.111 837.462 -29675.842 17.663 24.250 -9.458 -5.714 -3.031 34.509 2.355 1.733
-29655.025 41.632 -29675.842 -4.573 0.161 -9.458 -5.714 -3.031 34.509 2.355 1.733
-29423.506 504.672 -29675.842 -30.334 -28.993 -9.458 -5.714 -3.031 34.509 2.355 1.733
-29658.785 34.113 -29675.842 -4.815 -1.087 -9.458 -5.714 -3.031 34.509 2.355 1.733
-29435.564 480.554 -29675.842 -30.201 -28.052 -9.458 -5.714 -3.031 34.509 2.355 1.733
-29659.000 33.685 -29675.842 -5.487 -0.829 -9.458 -5.714 -3.031 34.509 2.355 1.733
-29563.490 224.701 -29675.842 -23.342 -20.812 -9.458 -5.714 -3.031 34.509 2.355 1.733
-29526.586 298.511 -29675.842 6.373 11.881 -9.458 -5.714 -3.031 34.509 2.355 1.733
-29669.008 13.668 -29675.842 -10.645 -6.499 -9.458 -5.714 -3.031 34.509 2.355 1.733
-29081.885 1187.916 -29675.842 25.448 27.814 -9.458 -5.714 -3.031 34.509 2.355 1.733
-29642.279 67.124 -29675.842 -1.242 0.798 -9.458 -5.714 -3.031 34.509 2.355 1.733
-29450.498 450.688 -29675.842 -29.887 -27.041 -9.458 -5.714 -3.031 34.509 2.355 1.733
-29646.834 58.014 -29675.842 -3.718 1.913 -9.458 -5.714 -3.031 34.509 2.355 1.733
-29462.332 427.019 -29675.842 -28.397 -27.259 -9.458 -5.714 -3.031 34.509 2.355 1.733
-29647.674 56.334 -29675.842 -2.741 0.810 -9.458 -5.714 -3.031 34.509 2.355 1.733
-29597.238 157.209 -29675.842 -20.943 -18.161 -9.458 -5.714 -3.031 34.509 2.355 1.733
-29456.484 438.715 -29675.842 9.810 15.730 -9.458 -5.714 -3.031 34.509 2.355 1.733
-29669.547 12.588 -29675.842 -9.498 -5.131 -9.458 -5.714 -3.031 34.509 2.355 1.733
-29638.135 75.416 -29675.842 -14.574 -15.599 -9.458 -5.714 -3.031 34.509 2.355 1.733
-29342.184 667.315 -29675.842 13.767 21.967 -9.458 -5.714 -3.031 34.509 2.355 1.733
-29656.188 39.307 -29675.842 -14.687 -10.843 -9.458 -5.714 -3.031 34.509 2.355 1.733
-29235.223 881.237 -29675.842 18.655 24.995 -9.458 -5.714 -3.031 34.509 2.355 1.733
-29666.100 19.483 -29675.842 -11.880 -8.583 -9.458 -5.714 -3.031 34.509 2.355 1.733
-29126.814 1098.055 -29675.842 20.753 29.660 -9.458 -5.714 -3.031 34.509 2.355 1.733
-29667.305 17.076 -29675.842 -7.757 -3.087 -9.458 -5.714 -3.031 34.509 2.355 1.733
-29386.609 578.466 -29675.842 -31.265 -31.185 -9.458 -5.714 -3.031 34.509 2.355 1.733
-29668.010 15.663 -29675.842 -7.049 -5.257 -9.458 -5.714 -3.031 34.509 2.355 1.733
-29437.648 476.387 -29675.842 -33.578 -24.251 -9.458 -5.714 -3.031 34.509 2.355 1.733
-29650.033 51.618 -29675.842 -11.037 3.040 -9.458 -5.714 -3.031 34.509 2.355 1.733
-29559.279 233.125 -29675.842 -21.825 -22.552 -9.458 -5.714 -3.031 34.509 2.355 1.733
-29526.053 299.579 -29675.842 7.697 9.693 -9.458 -5.714 -3.031 34.509 2.355 1.733
-29668.934 13.818 -29675.842 -9.300 -7.290 -9.458 -5.714 -3.031 34.509 2.355 1.733
-29335.465 680.754 -29675.842 1.740 28.924 -9.458 -5.714 -3.031 34.509 2.355 1.733
-29654.250 43.184 -29675.842 -17.427 -5.915 -9.458 -5.714 -3.031 34.509 2.355 1.733
-29347.760 656.163 -29675.842 20.566 14.016 -9.458 -5.714 -3.031 34.509 2.355 1.733
-29660.303 31.078 -29675.842 -3.313 -6.056 -9.458 -5.714 -3.031 34.509 2.355 1.733
-29469.699 412.286 -29675.842 -31.430 -23.495 -9.458 -5.714 -3.031 34.509 2.355 1.733
-29631.582 88.518 -29675.842 -8.355 6.583 -9.458 -5.714 -3.031 34.509 2.355 1.733
-29516.666 318.352 -29675.842 -25.065 -24.791 -9.458 -5.714 -3.031 34.509 2.355 1.733
-29614.117 123.450 -29675.842 1.531 3.802 -9.458 -5.714 -3.031 34.509 2.355 1.733
-29639.131 73.421 -29675.842 -16.467 -14.192 -9.458 -5.714 -3.031 34.509 2.355 1.733
-29320.090 711.502 -29675.842 15.318 21.961 -9.458 -5.714 -3.031 34.509 2.355 1.733
-29650.145 51.394 -29675.842 -3.876 1.154 -9.458 -5.714 -3.031 34.509 2.355 1.733
-29459.154 433.374 -29675.842 -28.683 -27.328 -9.458 -5.714 -3.031 34.509 2.355 1.733
-29654.816 42.051 -29675.842 -4.026 -0.253 -9.458 -5.714 -3.031 34.509 2.355 1.733
-29472.254 407.176 -29675.842 -28.362 -26.361 -9.458 -5.714 -3.031 34.509 2.355 1.733
-29651.205 49.272 -29675.842 -3.990 0.576 -9.458 -5.714 -3.031 34.509 2.355 1.733
-29593.783 164.118 -29675.842 -21.320 -18.370 -9.458 -5.714 -3.031 34.509 2.355 1.733
-29480.773 390.135 -29675.842 8.707 14.662 -9.458 -5.714 -3.031 34.509 2.355 1.733
-29666.539 18.606 -29675.842 -7.446 -2.814 -9.458 -5.714 -3.031 34.509 2.355 1.733
-29413.684 524.315 -29675.842 -30.286 -29.848 -9.458 -5.714 -3.031 34.509 2.355 1.733
-29667.828 16.027 -29675.842 -7.023 -4.723 -9.458 -5.714 -3.031 34.509 2.355 1.733
-29488.359 374.963 -29675.842 -29.658 -23.527 -9.458 -5.714 -3.031 34.509 2.355 1.733
-24137.746 11076.193 -29675.842 92.255 100.227 -9.458 -5.714 -3.031 34.509 2.355 1.733
-29635.117 81.449 -29675.842 -18.910 -12.105 -9.458 -5.714 -3.031 34.509 2.355 1.733
-24838.111 9675.462 -29675.842 86.350 93.732 -9.458 -5.714 -3.031 34.509 2.355 1.733
-29655.908 39.868 -29675.842 -15.882 -9.687 -9.458 -5.714 -3.031 34.509 2.355 1.733
-26843.982 5663.718 -29675.842 63.877 70.087 -9.458 -5.714 -3.031 34.509 2.355 1.733
-29532.346 286.992 -29675.842 6.231 11.570 -9.458 -5.714 -3.031 34.509 2.355 1.733
-29425.119 501.446 -29675.842 -31.639 -27.619 -9.458 -5.714 -3.031 34.509 2.355 1.733
-29651.891 47.903 -29675.842 -7.610 -0.058 -9.458 -5.714 -3.031 34.509 2.355 1.733
-29611.885 127.915 -29675.842 -20.967 -15.582 -9.458 -5.714 -3.031 34.509 2.355 1.733
-29346.893 657.899 -29675.842 13.702 20.647 -9.458 -5.714 -3.031 34.509 2.355 1.733
-29659.123 33.439 -29675.842 -5.916 -0.236 -9.458 -5.714 -3.031 34.509 2.355 1.733
-29435.018 481.649 -29675.842 -29.242 -28.963 -9.458 -5.714 -3.031 34.509 2.355 1.733
-29661.611 28.462 -29675.842 -4.801 -2.475 -9.458 -5.714 -3.031 34.509 2.355 1.733
-29457.561 436.563 -29675.842 -29.900 -26.338 -9.458 -5.714 -3.031 34.509 2.355 1.733
-29656.277 39.129 -29675.842 -5.851 0.615 -9.458 -5.714 -3.031 34.509 2.355 1.733
-29626.834 98.017 -29675.842 -18.445 -15.127 -9.458 -5.714 -3.031 34.509 2.355 1.733
-29309.146 733.391 -29675.842 15.683 22.000 -9.458 -5.714 -3.031 34.509 2.355 1.733
-29632.406 86.872 -29675.842 -1.717 3.723 -9.458 -5.714 -3.031 34.509 2.355 1.733
-29499.918 351.848 -29675.842 -26.696 -25.124 -9.458 -5.714 -3.031 34.509 2.355 1.733
-29637.303 77.079 -29675.842 -1.645 2.530 -9.458 -5.714 -3.031 34.509 2.355 1.733
-29531.701 288.283 -29675.842 -25.181 -23.034 -9.458 -5.714 -3.031 34.509 2.355 1.733
-29610.266 131.152 -29675.842 0.750 5.657 -9.458 -5.714 -3.031 34.509 2.355 1.733
-29636.354 78.978 -29675.842 -17.331 -14.071 -9.458 -5.714 -3.031 34.509 2.355 1.733
-29341.416 668.852 -29675.842 14.554 20.977 -9.458 -5.714 -3.031 34.509 2.355 1.733
-29647.615 56.452 -29675.842 -3.460 1.526 -9.458 -5.714 -3.031 34.509 2.355 1.733
-29467.992 415.701 -29675.842 -28.279 -26.855 -9.458 -5.714 -3.031 34.509 2.355 1.733
-29652.436 46.814 -29675.842 -3.652 0.222 -9.458 -5.714 -3.031 34.509 2.355 1.733
-29481.631 388.420 -29675.842 -27.876 -25.885 -9.458 -5.714 -3.031 34.509 2.355 1.733
-29648.377 54.931 -29675.842 -3.420 1.089 -9.458 -5.714 -3.031 34.509 2.355 1.733
-29632.457 86.771 -29675.842 -17.757 -14.549 -9.458 -5.714 -3.031 34.509 2.355 1.733
-29315.404 720.875 -29675.842 15.324 21.679 -9.458 -5.714 -3.031 34.509 2.355 1.733
-29638.119 75.447 -29675.842 -2.340 2.978 -9.458 -5.714 -3.031 34.509 2.355 1.733
-29490.584 370.514 -29675.842 -27.159 -25.658 -9.458 -5.714 -3.031 34.509 2.355 1.733
-29642.955 65.773 -29675.842 -2.300 1.748 -9.458 -5.714 -3.031 34.509 2.355 1.733
-29523.572 304.538 -29675.842 -25.650 -23.527 -9.458 -5.714 -3.031 34.509 2.355 1.733
-29619.945 111.793 -29675.842 -0.119 4.713 -9.458 -5.714 -3.031 34.509 2.355 1.733
-29626.143 99.400 -29675.842 -18.408 -15.312 -9.458 -5.714 -3.031 34.509 2.355 1.733
-29387.389 576.907 -29675.842 12.833 19.097 -9.458 -5.714 -3.031 34.509 2.355 1.733
-29655.438 40.807 -29675.842 -4.721 0.171 -9.458 -5.714 -3.031 34.509 2.355 1.733
-29454.986 441.712 -29675.842 -28.807 -27.584 -9.458 -5.714 -3.031 34.509 2.355 1.733
-29659.256 33.171 -29675.842 -4.789 -1.247 -9.458 -5.714 -3.031 34.509 2.355 1.733
-29470.605 410.471 -29675.842 -28.562 -26.330 -9.458 -5.714 -3.031 34.509 2.355 1.733
-29653.979 43.725 -29675.842 -4.515 0.256 -9.458 -5.714 -3.031 34.509 2.355 1.733
-29626.475 98.736 -29675.842 -18.484 -15.167 -9.458 -5.714 -3.031 34.509 2.355 1.733
-29333.584 684.517 -29675.842 14.531 20.818 -9.458 -5.714 -3.031 34.509 2.355 1.733
-29649.461 52.761 -29675.842 -3.880 1.351 -9.458 -5.714 -3.031 34.509 2.355 1.733
-29467.537 416.611 -29675.842 -28.199 -26.966 -9.458 -5.714 -3.031 34.509 2.355 1.733
-29653.582 44.520 -29675.842 -3.746 -0.117 -9.458 -5.714 -3.031 34.509 2.355 1.733
-29489.686 372.314 -29675.842 -27.575 -25.369 -9.458 -5.714 -3.031 34.509 2.355 1.733
-29643.848 63.989 -29675.842 -2.906 1.889 -9.458 -5.714 -3.031 34.509 2.355 1.733
-29608.646 134.390 -29675.842 -20.079 -17.077 -9.458 -5.714 -3.031 34.509 2.355 1.733
-29436.900 477.884 -29675.842 10.772 16.816 -9.458 -5.714 -3.031 34.509 2.355 1.733
-29657.025 37.632 -29675.842 -5.012 -0.146 -9.458 -5.714 -3.031 34.509 2.355 1.733
-29454.316 443.050 -29675.842 -28.810 -27.639 -9.458 -5.714 -3.031 34.509 2.355 1.733
-29660.314 31.057 -29675.842 -5.006 -1.559 -9.458 -5.714 -3.031 34.509 2.355 1.733
-29550.799 250.087 -29675.842 -24.262 -21.600 -9.458 -5.714 -3.031 34.509 2.355 1.733
-29580.104 191.476 -29675.842 2.849 8.322 -9.458 -5.714 -3.031 34.509 2.355 1.733
-29659.938 31.808 -29675.842 -13.958 -9.982 -9.458 -5.714 -3.031 34.509 2.355 1.733
-29169.021 1013.641 -29675.842 20.851 26.837 -9.458 -5.714 -3.031 34.509 2.355 1.733
-29602.469 146.746 -29675.842 1.595 6.396 -9.458 -5.714 -3.031 34.509 2.355 1.733
-29528.666 294.352 -29675.842 -25.285 -23.322 -9.458 -5.714 -3.031 34.509 2.355 1.733
-29610.168 131.346 -29675.842 0.920 5.695 -9.458 -5.714 -3.031 34.509 2.355 1.733
-29538.537 274.609 -29675.842 -24.677 -22.705 -9.458 -5.714 -3.031 34.509 2.355 1.733
-29604.900 141.882 -29675.842 1.368 6.134 -9.458 -5.714 -3.031 34.509 2.355 1.733
-29644.660 62.361 -29675.842 -16.228 -13.002 -9.458 -5.714 -3.031 34.509 2.355 1.733
-29295.516 760.654 -29675.842 16.115 22.689 -9.458 -5.714 -3.031 34.509 2.355 1.733
-29646.820 58.043 -29675.842 -3.376 1.690 -9.458 -5.714 -3.031 34.509 2.355 1.733
-29467.799 416.084 -29675.842 -28.277 -26.885 -9.458 -5.714 -3.031 34.509 2.355 1.733
-29651.730 48.222 -29675.842 -3.505 0.334 -9.458 -5.714 -3.031 34.509 2.355 1.733
-29485.361 380.961 -29675.842 -27.711 -25.679 -9.458 -5.714 -3.031 34.509 2.355 1.733
-29646.922 57.839 -29675.842 -3.255 1.314 -9.458 -5.714 -3.031 34.509 2.355 1.733
-29590.832 170.019 -29675.842 -21.474 -18.696 -9.458 -5.714 -3.031 34.509 2.355 1.733
-29485.920 379.845 -29675.842 8.349 14.132 -9.458 -5.714 -3.031 34.509 2.355 1.733
-29668.627 14.429 -29675.842 -8.370 -3.857 -9.458 -5.714 -3.031 34.509 2.355 1.733
-29399.379 552.926 -29675.842 -30.441 -30.872 -9.458 -5.714 -3.031 34.509 2.355 1.733
-29668.348 14.988 -29675.842 -7.252 -6.220 -9.458 -5.714 -3.031 34.509 2.355 1.733
-29642.188 67.308 -29675.842 -16.128 0.240 -9.458 -5.714 -3.031 34.509 2.355 1.733
-28902.789 1546.104 -29675.842 30.747 32.339 -9.458 -5.714 -3.031 34.509 2.355 1.733
-29454.064 443.556 -29675.842 -28.856 -27.269 -9.458 -5.714 -3.031 34.509 2.355 1.733
-28729.465 1892.754 -29675.842 34.538 36.829 -9.458 -5.714 -3.031 34.509 2.355 1.733
-29479.783 392.116 -29675.842 -27.591 -26.015 -9.458 -5.714 -3.031 34.509 2.355 1.733
-28788.326 1775.030 -29675.842 33.117 35.470 -9.458 -5.714 -3.031 34.509 2.355 1.733
-29504.289 343.106 -29675.842 -26.292 -24.737 -9.458 -5.714 -3.031 34.509 2.355 1.733
-28846.775 1658.135 -29675.842 31.644 34.090 -9.458 -5.714 -3.031 34.509 2.355 1.733
-29527.391 296.901 -29675.842 -24.976 -23.430 -9.458 -5.714 -3.031 34.509 2.355 1.733
-28904.377 1542.931 -29675.842 30.121 32.700 -9.458 -5.714 -3.031 34.509 2.355 1.733
-29548.982 253.720 -29675.842 -23.645 -22.097 -9.458 -5.714 -3.031 34.509 2.355 1.733
-28961.373 1428.939 -29675.842 28.557 31.273 -9.458 -5.714 -3.031 34.509 2.355 1.733
-29568.930 213.823 -29675.842 -22.285 -20.753 -9.458 -5.714 -3.031 34.509 2.355 1.733
-29016.924 1317.837 -29675.842 26.932 29.863 -9.458 -5.714 -3.031 34.509 2.355 1.733
-29586.961 177.764 -29675.842 -20.942 -19.395 -9.458 -5.714 -3.031 34.509 2.355 1.733
-29071.178 1209.327 -29675.842 25.272 28.435 -9.458 -5.714 -3.031 34.509 2.355 1.733
-29602.994 145.696 -29675.842 -19.593 -18.045 -9.458 -5.714 -3.031 34.509 2.355 1.733
-29122.389 1106.905 -29675.842 23.555 27.103 -9.458 -5.714 -3.031 34.509 2.355 1.733
-29616.715 118.253 -29675.842 -18.329 -16.706 -9.458 -5.714 -3.031 34.509 2.355 1.733
-29169.939 1011.807 -29675.842 21.839 25.862 -9.458 -5.714 -3.031 34.509 2.355 1.733
-29628.520 94.646 -29675.842 -17.107 -15.362 -9.458 -5.714 -3.031 34.509 2.355 1.733
-29208.508 934.670 -29675.842 20.277 24.919 -9.458 -5.714 -3.031 34.509 2.355 1.733
-29639.494 72.695 -29675.842 -15.823 -13.857 -9.458 -5.714 -3.031 34.509 2.355 1.733
-29229.088 893.506 -29675.842 19.142 24.660 -9.458 -5.714 -3.031 34.509 2.355 1.733
-29650.848 49.987 -29675.842 -14.227 -11.875 -9.458 -5.714 -3.031 34.509 2.355 1.733
-29214.432 922.821 -29675.842 18.949 25.774 -9.458 -5.714 -3.031 34.509 2.355 1.733
-29656.664 38.356 -29675.842 -13.321 -10.470 -9.458 -5.714 -3.031 34.509 2.355 1.733
-29206.234 939.214 -29675.842 18.776 26.465 -9.458 -5.714 -3.031 34.509 2.355 1.733
-29663.984 23.714 -29675.842 -11.399 -7.995 -9.458 -5.714 -3.031 34.509 2.355 1.733
-29132.545 1086.592 -29675.842 20.600 29.326 -9.458 -5.714 -3.031 34.509 2.355 1.733
-29664.373 22.937 -29675.842 -7.383 -3.139 -9.458 -5.714 -3.031 34.509 2.355 1.733
-29405.957 539.771 -29675.842 -30.994 -29.758 -9.458 -5.714 -3.031 34.509 2.355 1.733
-29667.082 17.518 -29675.842 -7.769 -4.266 -9.458 -5.714 -3.031 34.509 2.355 1.733
-29428.693 494.296 -29675.842 -30.303 -28.437 -9.458 -5.714 -3.031 34.509 2.355 1.733
-29668.184 15.317 -29675.842 -9.223 -4.470 -9.458 -5.714 -3.031 34.509 2.355 1.733
-29261.922 827.840 -29675.842 17.530 18.122 -9.458 -5.714 -3.031 34.509 2.355 1.733
-29535.248 281.186 -29675.842 -23.994 -23.587 -9.458 -5.714 -3.031 34.509 2.355 1.733
-29052.615 1246.455 -29675.842 25.802 28.577 -9.458 -5.714 -3.031 34.509 2.355 1.733
-29662.883 25.919 -29675.842 -12.154 -9.950 -9.458 -5.714 -3.031 34.509 2.355 1.733
-28273.953 2803.776 -29675.842 40.131 49.444 -9.458 -5.714 -3.031 34.509 2.355 1.733
-29569.502 212.678 -29675.842 2.411 10.318 -9.458 -5.714 -3.031 34.509 2.355 1.733
-29630.949 89.785 -29675.842 -17.960 -14.633 -9.458 -5.714 -3.031 34.509 2.355 1.733
-29390.768 570.148 -29675.842 12.530 19.335 -9.458 -5.714 -3.031 34.509 2.355 1.733
-29655.785 40.113 -29675.842 -14.352 -11.049 -9.458 -5.714 -3.031 34.509 2.355 1.733
-29250.715 850.253 -29675.842 17.716 24.824 -9.458 -5.714 -3.031 34.509 2.355 1.733
-29647.033 57.616 -29675.842 -3.301 1.367 -9.458 -5.714 -3.031 34.509 2.355 1.733
-29462.820 426.043 -29675.842 -28.484 -27.109 -9.458 -5.714 -3.031 34.509 2.355 1.733
-29652.412 46.859 -29675.842 -3.873 0.132 -9.458 -5.714 -3.031 34.509 2.355 1.733
-29475.275 401.133 -29675.842 -27.988 -26.345 -9.458 -5.714 -3.031 34.509 2.355 1.733
-29651.395 48.896 -29675.842 -3.929 0.299 -9.458 -5.714 -3.031 34.509 2.355 1.733
-29631.812 88.059 -29675.842 -17.658 -14.593 -9.458 -5.714 -3.031 34.509 2.355 1.733
-29323.910 703.862 -29675.842 14.994 21.365 -9.458 -5.714 -3.031 34.509 2.355 1.733
-29643.020 65.645 -29675.842 -3.063 2.196 -9.458 -5.714 -3.031 34.509 2.355 1.733
-29480.936 389.813 -29675.842 -27.518 -26.221 -9.458 -5.714 -3.031 34.509 2.355 1.733
-29647.703 56.279 -29675.842 -2.981 0.823 -9.458 -5.714 -3.031 34.509 2.355 1.733
-29518.639 314.406 -29675.842 -25.884 -23.784 -9.458 -5.714 -3.031 34.509 2.355 1.733
-29617.152 117.379 -29675.842 0.109 4.931 -9.458 -5.714 -3.031 34.509 2.355 1.733
-29660.125 31.435 -29675.842 -13.558 -9.845 -9.458 -5.714 -3.031 34.509 2.355 1.733
-29146.703 1058.279 -29675.842 21.319 27.648 -9.458 -5.714 -3.031 34.509 2.355 1.733
-29609.412 132.858 -29675.842 0.806 5.839 -9.458 -5.714 -3.031 34.509 2.355 1.733
-29520.139 311.406 -29675.842 -25.665 -23.849 -9.458 -5.714 -3.031 34.509 2.355 1.733
-29616.863 117.957 -29675.842 0.316 4.917 -9.458 -5.714 -3.031 34.509 2.355 1.733
-29530.111 291.462 -29675.842 -25.094 -23.220 -9.458 -5.714 -3.031 34.509 2.355 1.733
-29614.600 122.483 -29675.842 0.542 5.152 -9.458 -5.714 -3.031 34.509 2.355 1.733
-29616.047 119.591 -29675.842 -19.227 -16.390 -9.458 -5.714 -3.031 34.509 2.355 1.733
-29443.949 463.785 -29675.842 10.514 16.519 -9.458 -5.714 -3.031 34.509 2.355 1.733
-29664.521 22.640 -29675.842 -6.816 -2.363 -9.458 -5.714 -3.031 34.509 2.355 1.733
-29425.787 500.109 -29675.842 -29.958 -29.092 -9.458 -5.714 -3.031 34.509 2.355 1.733
-29666.607 18.469 -29675.842 -6.876 -3.959 -9.458 -5.714 -3.031 34.509 2.355 1.733
-29604.104 143.475 -29675.842 -20.517 -16.901 -9.458 -5.714 -3.031 34.509 2.355 1.733
-20607.828 18136.025 -29675.842 123.251 127.680 -9.458 -5.714 -3.031 34.509 2.355 1.733
-29576.344 198.997 -29675.842 2.536 6.317 -9.458 -5.714 -3.031 34.509 2.355 1.733
-29387.691 576.299 -29675.842 -32.879 -29.610 -9.458 -5.714 -3.031 34.509 2.355 1.733
-29668.490 14.702 -29675.842 -10.864 -4.516 -9.458 -5.714 -3.031 34.509 2.355 1.733
-28363.504 2624.677 -29675.842 44.730 40.251 -9.458 -5.714 -3.031 34.509 2.355 1.733
-29606.645 138.393 -29675.842 -15.959 -20.008 -9.458 -5.714 -3.031 34.509 2.355 1.733
-29141.219 1069.246 -29675.842 22.659 25.737 -9.458 -5.714 -3.031 34.509 2.355 1.733
-29636.414 78.855 -29675.842 -0.886 2.011 -9.458 -5.714 -3.031 34.509 2.355 1.733
-29482.057 387.571 -29675.842 -27.990 -25.749 -9.458 -5.714 -3.031 34.509 2.355 1.733
-29640.447 70.790 -29675.842 -2.458 2.453 -9.458 -5.714 -3.031 34.509 2.355 1.733
-29565.330 221.025 -29675.842 -23.085 -20.791 -9.458 -5.714 -3.031 34.509 2.355 1.733
-29553.555 244.574 -29675.842 4.988 10.242 -9.458 -5.714 -3.031 34.509 2.355 1.733
-29655.023 41.636 -29675.842 -14.611 -11.213 -9.458 -5.714 -3.031 34.509 2.355 1.733
-29249.996 851.692 -29675.842 17.947 24.617 -9.458 -5.714 -3.031 34.509 2.355 1.733
-29654.498 42.688 -29675.842 -4.356 0.162 -9.458 -5.714 -3.031 34.509 2.355 1.733
-29443.787 464.110 -29675.842 -29.452 -28.013 -9.458 -5.714 -3.031 34.509 2.355 1.733
-29658.619 34.447 -29675.842 -4.824 -1.023 -9.458 -5.714 -3.031 34.509 2.355 1.733
-29456.205 439.273 -29675.842 -29.098 -27.187 -9.458 -5.714 -3.031 34.509 2.355 1.733
-29659.633 32.419 -29675.842 -5.352 -1.022 -9.458 -5.714 -3.031 34.509 2.355 1.733
-29580.904 189.873 -29675.842 -22.109 -19.529 -9.458 -5.714 -3.031 34.509 2.355 1.733
-29501.555 348.575 -29675.842 7.734 13.254 -9.458 -5.714 -3.031 34.509 2.355 1.733
-29668.064 15.554 -29675.842 -8.150 -3.683 -9.458 -5.714 -3.031 34.509 2.355 1.733
-29407.338 537.007 -29675.842 -30.237 -30.401 -9.458 -5.714 -3.031 34.509 2.355 1.733
-29668.289 15.107 -29675.842 -7.225 -5.835 -9.458 -5.714 -3.031 34.509 2.355 1.733
-29583.424 184.838 -29675.842 -8.595 3.157 -9.458 -5.714 -3.031 34.509 2.355 1.733
-29462.986 425.710 -29675.842 -32.609 -22.679 -9.458 -5.714 -3.031 34.509 2.355 1.733
-29618.307 115.070 -29675.842 -6.662 7.560 -9.458 -5.714 -3.031 34.509 2.355 1.733
-29642.014 67.655 -29675.842 -19.160 -9.784 -9.458 -5.714 -3.031 34.509 2.355 1.733
-29192.762 966.160 -29675.842 21.038 24.684 -9.458 -5.714 -3.031 34.509 2.355 1.733
-29609.184 133.317 -29675.842 1.797 5.071 -9.458 -5.714 -3.031 34.509 2.355 1.733
-29519.697 312.288 -29675.842 -25.837 -23.823 -9.458 -5.714 -3.031 34.509 2.355 1.733
-29616.273 119.136 -29675.842 0.353 5.147 -9.458 -5.714 -3.031 34.509 2.355 1.733
-29538.475 274.735 -29675.842 -24.690 -22.706 -9.458 -5.714 -3.031 34.509 2.355 1.733
-29600.434 150.815 -29675.842 1.735 6.514 -9.458 -5.714 -3.031 34.509 2.355 1.733
-29633.053 85.579 -29675.842 -17.623 -14.560 -9.458 -5.714 -3.031 34.509 2.355 1.733
-29380.012 591.659 -29675.842 13.251 19.547 -9.458 -5.714 -3.031 34.509 2.355 1.733
-29663.236 25.210 -29675.842 -6.217 -1.754 -9.458 -5.714 -3.031 34.509 2.355 1.733
-29426.234 499.215 -29675.842 -30.083 -28.995 -9.458 -5.714 -3.031 34.509 2.355 1.733
-29665.883 19.919 -29675.842 -6.467 -3.235 -9.458 -5.714 -3.031 34.509 2.355 1.733
-29441.867 467.948 -29675.842 -30.247 -27.462 -9.458 -5.714 -3.031 34.509 2.355 1.733
-29571.369 208.944 -29675.842 3.639 9.040 -9.458 -5.714 -3.031 34.509 2.355 1.733
-29617.830 116.023 -29675.842 -19.706 -15.709 -9.458 -5.714 -3.031 34.509 2.355 1.733
-29322.000 707.686 -29675.842 14.738 21.126 -9.458 -5.714 -3.031 34.509 2.355 1.733
-29645.828 60.025 -29675.842 -3.543 2.075 -9.458 -5.714 -3.031 34.509 2.355 1.733
-29489.516 372.653 -29675.842 -27.024 -25.874 -9.458 -5.714 -3.031 34.509 2.355 1.733
-29649.611 52.462 -29675.842 -2.997 0.521 -9.458 -5.714 -3.031 34.509 2.355 1.733
-29608.037 135.610 -29675.842 -19.942 -17.285 -9.458 -5.714 -3.031 34.509 2.355 1.733
-29469.398 412.886 -29675.842 9.268 15.047 -9.458 -5.714 -3.031 34.509 2.355 1.733
-29664.980 21.724 -29675.842 -6.808 -2.244 -9.458 -5.714 -3.031 34.509 2.355 1.733
-29439.588 472.509 -29675.842 -29.292 -28.521 -9.458 -5.714 -3.031 34.509 2.355 1.733
-29666.986 17.710 -29675.842 -6.722 -3.983 -9.458 -5.714 -3.031 34.509 2.355 1.733
-29514.479 322.726 -29675.842 -27.136 -23.218 -9.458 -5.714 -3.031 34.509 2.355 1.733
-28390.354 2570.978 -29675.842 39.663 45.870 -9.458 -5.714 -3.031 34.509 2.355 1.733
-29636.322 79.039 -29675.842 -18.203 -13.140 -9.458 -5.714 -3.031 34.509 2.355 1.733
-29062.012 1227.660 -29675.842 22.699 29.080 -9.458 -5.714 -3.031 34.509 2.355 1.733
-29625.377 100.930 -29675.842 -1.148 4.707 -9.458 -5.714 -3.031 34.509 2.355 1.733
-29525.479 300.728 -29675.842 -25.253 -23.684 -9.458 -5.714 -3.031 34.509 2.355 1.733
-29629.436 92.812 -29675.842 -0.695 3.494 -9.458 -5.714 -3.031 34.509 2.355 1.733
-29640.734 70.217 -29675.842 -16.564 -13.700 -9.458 -5.714 -3.031 34.509 2.355 1.733
-29346.963 657.757 -29675.842 14.460 20.861 -9.458 -5.714 -3.031 34.509 2.355 1.733
-29624.205 103.274 -29675.842 -0.722 4.584 -9.458 -5.714 -3.031 34.509 2.355 1.733
-29528.283 295.117 -29675.842 -25.148 -23.462 -9.458 -5.714 -3.031 34.509 2.355 1.733
-29630.627 90.430 -29675.842 -0.901 3.413 -9.458 -5.714 -3.031 34.509 2.355 1.733
-29554.314 243.055 -29675.842 -23.714 -21.649 -9.458 -5.714 -3.031 34.509 2.355 1.733
-29595.348 160.989 -29675.842 2.070 6.877 -9.458 -5.714 -3.031 34.509 2.355 1.733
-29668.457 14.771 -29675.842 -11.014 -7.176 -9.458 -5.714 -3.031 34.509 2.355 1.733
-28990.418 1370.847 -29675.842 25.819 31.535 -9.458 -5.714 -3.031 34.509 2.355 1.733
-29546.736 258.209 -29675.842 5.645 10.539 -9.458 -5.714 -3.031 34.509 2.355 1.733
-29581.752 188.181 -29675.842 -21.832 -19.735 -9.458 -5.714 -3.031 34.509 2.355 1.733
-29556.465 238.755 -29675.842 4.838 10.061 -9.458 -5.714 -3.031 34.509 2.355 1.733
-29593.834 164.018 -29675.842 -20.945 -18.716 -9.458 -5.714 -3.031 34.509 2.355 1.733
-29533.824 284.036 -29675.842 6.150 11.518 -9.458 -5.714 -3.031 34.509 2.355 1.733
-29668.916 13.853 -29675.842 -10.780 -6.983 -9.458 -5.714 -3.031 34.509 2.355 1.733
-29084.842 1182.000 -29675.842 23.396 29.481 -9.458 -5.714 -3.031 34.509 2.355 1.733
-29581.502 188.679 -29675.842 3.347 8.052 -9.458 -5.714 -3.031 34.509 2.355 1.733
-29556.059 239.568 -29675.842 -23.591 -21.601 -9.458 -5.714 -3.031 34.509 2.355 1.733
-29590.793 170.097 -29675.842 2.510 7.436 -9.458 -5.714 -3.031 34.509 2.355 1.733
-29566.457 218.769 -29675.842 -22.891 -20.864 -9.458 -5.714 -3.031 34.509 2.355 1.733
-29585.812 180.060 -29675.842 2.872 7.810 -9.458 -5.714 -3.031 34.509 2.355 1.733
-29638.293 75.098 -29675.842 -16.948 -13.990 -9.458 -5.714 -3.031 34.509 2.355 1.733
-29376.695 598.291 -29675.842 13.279 19.613 -9.458 -5.714 -3.031 34.509 2.355 1.733
-29652.594 46.496 -29675.842 -4.129 0.678 -9.458 -5.714 -3.031 34.509 2.355 1.733
-29479.303 393.077 -29675.842 -27.666 -26.329 -9.458 -5.714 -3.031 34.509 2.355 1.733
-29657.188 37.308 -29675.842 -4.379 -0.720 -9.458 -5.714 -3.031 34.509 2.355 1.733
-29506.205 339.275 -29675.842 -26.614 -24.541 -9.458 -5.714 -3.031 34.509 2.355 1.733
-29639.137 73.410 -29675.842 -2.301 2.273 -9.458 -5.714 -3.031 34.509 2.355 1.733
-29652.363 46.957 -29675.842 -15.264 -11.629 -9.458 -5.714 -3.031 34.509 2.355 1.733
-29196.926 957.830 -29675.842 19.463 25.746 -9.458 -5.714 -3.031 34.509 2.355 1.733
-29613.092 125.500 -29675.842 0.370 5.711 -9.458 -5.714 -3.031 34.509 2.355 1.733
-29532.906 285.872 -29675.842 -24.940 -23.152 -9.458 -5.714 -3.031 34.509 2.355 1.733
-29619.947 111.790 -29675.842 0.156 4.655 -9.458 -5.714 -3.031 34.509 2.355 1.733
-29585.211 181.261 -29675.842 -21.662 -19.368 -9.458 -5.714 -3.031 34.509 2.355 1.733
-29538.438 274.808 -29675.842 5.786 11.077 -9.458 -5.714 -3.031 34.509 2.355 1.733
-29669.779 12.124 -29675.842 -9.932 -5.887 -9.458 -5.714 -3.031 34.509 2.355 1.733
-29630.166 91.353 -29675.842 0.302 2.301 -9.458 -5.714 -3.031 34.509 2.355 1.733
-29519.832 312.021 -29675.842 -25.992 -23.680 -9.458 -5.714 -3.031 34.509 2.355 1.733
-29630.590 90.504 -29675.842 -1.299 3.723 -9.458 -5.714 -3.031 34.509 2.355 1.733
-29626.707 98.270 -29675.842 -18.336 -15.318 -9.458 -5.714 -3.031 34.509 2.355 1.733
-29396.197 559.290 -29675.842 12.504 18.642 -9.458 -5.714 -3.031 34.509 2.355 1.733
-29641.541 68.601 -29675.842 -2.608 2.450 -9.458 -5.714 -3.031 34.509 2.355 1.733
-29498.967 353.751 -29675.842 -26.714 -25.231 -9.458 -5.714 -3.031 34.509 2.355 1.733
-29647.070 57.542 -29675.842 -2.801 1.150 -9.458 -5.714 -3.031 34.509 2.355 1.733
-29518.607 314.467 -29675.842 -25.859 -23.903 -9.458 -5.714 -3.031 34.509 2.355 1.733
-29634.312 83.059 -29675.842 -1.565 2.925 -9.458 -5.714 -3.031 34.509 2.355 1.733
-29642.490 66.704 -29675.842 -16.582 -13.287 -9.458 -5.714 -3.031 34.509 2.355 1.733
-29263.533 824.618 -29675.842 17.347 23.660 -9.458 -5.714 -3.031 34.509 2.355 1.733
-29618.057 115.569 -29675.842 -0.158 5.279 -9.458 -5.714 -3.031 34.509 2.355 1.733
-29529.312 293.060 -29675.842 -25.122 -23.398 -9.458 -5.714 -3.031 34.509 2.355 1.733
-29624.783 102.118 -29675.842 -0.291 4.105 -9.458 -5.714 -3.031 34.509 2.355 1.733
-29549.170 253.344 -29675.842 -24.047 -22.016 -9.458 -5.714 -3.031 34.509 2.355 1.733
-29601.588 148.509 -29675.842 1.620 6.372 -9.458 -5.714 -3.031 34.509 2.355 1.733
-29667.508 16.668 -29675.842 -11.578 -7.850 -9.458 -5.714 -3.031 34.509 2.355 1.733
-29058.477 1234.730 -29675.842 23.768 30.160 -9.458 -5.714 -3.031 34.509 2.355 1.733
-29549.381 252.923 -29675.842 5.216 10.602 -9.458 -5.714 -3.031 34.509 2.355 1.733
-29580.246 191.192 -29675.842 -21.970 -19.838 -9.458 -5.714 -3.031 34.509 2.355 1.733
-29558.986 233.711 -29675.842 4.677 9.890 -9.458 -5.714 -3.031 34.509 2.355 1.733
-29590.170 171.345 -29675.842 -21.232 -19.032 -9.458 -5.714 -3.031 34.509 2.355 1.733
-29546.422 258.840 -29675.842 5.400 10.684 -9.458 -5.714 -3.031 34.509 2.355 1.733
-29655.119 41.447 -29675.842 -14.632 -11.332 -9.458 -5.714 -3.031 34.509 2.355 1.733
-29273.844 803.997 -29675.842 17.012 23.693 -9.458 -5.714 -3.031 34.509 2.355 1.733
-29617.859 115.965 -29675.842 -0.020 5.200 -9.458 -5.714 -3.031 34.509 2.355 1.733
-29527.893 295.898 -29675.842 -25.228 -23.470 -9.458 -5.714 -3.031 34.509 2.355 1.733
-29625.492 100.699 -29675.842 -0.385 4.050 -9.458 -5.714 -3.031 34.509 2.355 1.733
-29538.350 274.983 -29675.842 -24.645 -22.767 -9.458 -5.714 -3.031 34.509 2.355 1.733
-29618.873 113.939 -29675.842 0.151 4.661 -9.458 -5.714 -3.031 34.509 2.355 1.733
-29662.406 26.869 -29675.842 -13.137 -9.666 -9.458 -5.714 -3.031 34.509 2.355 1.733
-29141.574 1068.534 -29675.842 21.149 27.936 -9.458 -5.714 -3.031 34.509 2.355 1.733
-29573.053 205.578 -29675.842 3.430 9.146 -9.458 -5.714 -3.031 34.509 2.355 1.733
-29572.016 207.651 -29675.842 -22.516 -20.476 -9.458 -5.714 -3.031 34.509 2.355 1.733
-29581.480 188.723 -29675.842 3.191 8.194 -9.458 -5.714 -3.031 34.509 2.355 1.733
-29631.383 88.919 -29675.842 -17.619 -14.966 -9.458 -5.714 -3.031 34.509 2.355 1.733
-29429.459 492.765 -29675.842 11.139 17.253 -9.458 -5.714 -3.031 34.509 2.355 1.733
-29662.916 25.850 -29675.842 -6.118 -1.592 -9.458 -5.714 -3.031 34.509 2.355 1.733
-29458.949 433.787 -29675.842 -28.534 -27.473 -9.458 -5.714 -3.031 34.509 2.355 1.733
-29665.887 19.911 -29675.842 -6.341 -3.197 -9.458 -5.714 -3.031 34.509 2.355 1.733
-29477.984 395.714 -29675.842 -28.414 -25.751 -9.458 -5.714 -3.031 34.509 2.355 1.733
-29658.201 35.281 -29675.842 -5.868 -0.582 -9.458 -5.714 -3.031 34.509 2.355 1.733
-29636.438 78.807 -29675.842 -17.670 -13.752 -9.458 -5.714 -3.031 34.509 2.355 1.733
-29167.959 1015.766 -29675.842 19.776 26.014 -9.458 -5.714 -3.031 34.509 2.355 1.733
-29628.553 94.578 -29675.842 -1.344 4.267 -9.458 -5.714 -3.031 34.509 2.355 1.733
-29525.746 300.190 -29675.842 -25.243 -23.685 -9.458 -5.714 -3.031 34.509 2.355 1.733
-29633.369 84.944 -29675.842 -1.112 3.027 -9.458 -5.714 -3.031 34.509 2.355 1.733
-29619.633 112.419 -29675.842 -18.870 -16.222 -9.458 -5.714 -3.031 34.509 2.355 1.733
-29447.023 457.638 -29675.842 10.396 16.269 -9.458 -5.714 -3.031 34.509 2.355 1.733
-29657.785 36.115 -29675.842 -5.029 -0.315 -9.458 -5.714 -3.031 34.509 2.355 1.733
-29475.615 400.454 -29675.842 -27.783 -26.580 -9.458 -5.714 -3.031 34.509 2.355 1.733
-29661.664 28.354 -29675.842 -5.226 -1.822 -9.458 -5.714 -3.031 34.509 2.355 1.733
-29502.918 345.849 -29675.842 -26.890 -24.636 -9.458 -5.714 -3.031 34.509 2.355 1.733
-29646.232 59.217 -29675.842 -3.498 1.245 -9.458 -5.714 -3.031 34.509 2.355 1.733
-29646.779 58.124 -29675.842 -16.192 -12.486 -9.458 -5.714 -3.031 34.509 2.355 1.733
-29093.178 1165.327 -29675.842 22.528 28.699 -9.458 -5.714 -3.031 34.509 2.355 1.733
-29593.090 165.503 -29675.842 1.951 7.586 -9.458 -5.714 -3.031 34.509 2.355 1.733
-29559.422 232.838 -29675.842 -23.328 -21.402 -9.458 -5.714 -3.031 34.509 2.355 1.733
-29596.705 158.275 -29675.842 2.097 6.861 -9.458 -5.714 -3.031 34.509 2.355 1.733
-29630.494 90.694 -29675.842 -17.834 -14.992 -9.458 -5.714 -3.031 34.509 2.355 1.733
-29421.885 507.913 -29675.842 11.448 17.582 -9.458 -5.714 -3.031 34.509 2.355 1.733
-29663.066 25.550 -29675.842 -6.125 -1.634 -9.458 -5.714 -3.031 34.509 2.355 1.733
-29451.469 448.745 -29675.842 -28.912 -27.830 -9.458 -5.714 -3.031 34.509 2.355 1.733
-29665.979 19.726 -29675.842 -6.393 -3.214 -9.458 -5.714 -3.031 34.509 2.355 1.733
-29484.545 382.594 -29675.842 -28.151 -25.363 -9.458 -5.714 -3.031 34.509 2.355 1.733
-29651.029 49.625 -29675.842 -4.543 0.854 -9.458 -5.714 -3.031 34.509 2.355 1.733
-29647.646 56.391 -29675.842 -16.264 -12.167 -9.458 -5.714 -3.031 34.509 2.355 1.733
-29132.939 1085.803 -29675.842 21.140 27.140 -9.458 -5.714 -3.031 34.509 2.355 1.733
-29606.588 138.506 -29675.842 0.960 6.316 -9.458 -5.714 -3.031 34.509 2.355 1.733
-29546.338 259.006 -29675.842 -24.140 -22.301 -9.458 -5.714 -3.031 34.509 2.355 1.733
-29612.580 126.522 -29675.842 0.811 5.407 -9.458 -5.714 -3.031 34.509 2.355 1.733
-29597.010 157.666 -29675.842 -20.802 -18.381 -9.458 -5.714 -3.031 34.509 2.355 1.733
-29513.197 325.288 -29675.842 7.181 12.654 -9.458 -5.714 -3.031 34.509 2.355 1.733
-29665.102 21.481 -29675.842 -6.679 -2.266 -9.458 -5.714 -3.031 34.509 2.355 1.733
-29450.936 449.812 -29675.842 -28.881 -27.896 -9.458 -5.714 -3.031 34.509 2.355 1.733
-29667.297 17.092 -29675.842 -6.802 -3.806 -9.458 -5.714 -3.031 34.509 2.355 1.733
-29525.438 300.808 -29675.842 -26.207 -22.822 -9.458 -5.714 -3.031 34.509 2.355 1.733
-29619.646 112.391 -29675.842 -0.983 5.137 -9.458 -5.714 -3.031 34.509 2.355 1.733
-29660.984 29.716 -29675.842 -14.127 -9.390 -9.458 -5.714 -3.031 34.509 2.355 1.733
-28958.047 1435.591 -29675.842 27.009 31.280 -9.458 -5.714 -3.031 34.509 2.355 1.733
-29547.244 257.194 -29675.842 6.099 10.051 -9.458 -5.714 -3.031 34.509 2.355 1.733
-29587.174 177.336 -29675.842 -21.404 -19.350 -9.458 -5.714 -3.031 34.509 2.355 1.733
-29555.270 241.146 -29675.842 4.933 10.131 -9.458 -5.714 -3.031 34.509 2.355 1.733
-29604.008 143.668 -29675.842 -20.173 -17.822 -9.458 -5.714 -3.031 34.509 2.355 1.733
-29520.047 311.589 -29675.842 6.879 12.405 -9.458 -5.714 -3.031 34.509 2.355 1.733
-29669.959 11.764 -29675.842 -9.685 -5.773 -9.458 -5.714 -3.031 34.509 2.355 1.733
-29662.328 27.028 -29675.842 -5.129 -2.225 -9.458 -5.714 -3.031 34.509 2.355 1.733
-29465.732 420.217 -29675.842 -29.074 -26.374 -9.458 -5.714 -3.031 34.509 2.355 1.733
-29665.023 21.635 -29675.842 -7.230 -1.856 -9.458 -5.714 -3.031 34.509 2.355 1.733
-29495.162 361.358 -29675.842 -26.186 -26.020 -9.458 -5.714 -3.031 34.509 2.355 1.733
-29642.188 67.308 -29675.842 -1.631 0.345 -9.458 -5.714 -3.031 34.509 2.355 1.733
-29656.379 38.927 -29675.842 -13.762 -11.595 -9.458 -5.714 -3.031 34.509 2.355 1.733
-28950.191 1451.301 -29675.842 25.030 32.775 -9.458 -5.714 -3.031 34.509 2.355 1.733
-29581.971 187.743 -29675.842 2.025 9.093 -9.458 -5.714 -3.031 34.509 2.355 1.733
-29569.334 213.014 -29675.842 -22.684 -20.699 -9.458 -5.714 -3.031 34.509 2.355 1.733
-29588.959 173.767 -29675.842 2.682 7.559 -9.458 -5.714 -3.031 34.509 2.355 1.733
-29617.086 117.511 -29675.842 -19.077 -16.531 -9.458 -5.714 -3.031 34.509 2.355 1.733
-29487.932 375.818 -29675.842 8.501 14.274 -9.458 -5.714 -3.031 34.509 2.355 1.733
-29668.623 14.437 -29675.842 -7.998 -3.848 -9.458 -5.714 -3.031 34.509 2.355 1.733
-29437.092 477.499 -29675.842 -29.414 -28.650 -9.458 -5.714 -3.031 34.509 2.355 1.733
-29669.512 12.661 -29675.842 -8.203 -5.633 -9.458 -5.714 -3.031 34.509 2.355 1.733
-29616.615 118.454 -29675.842 -2.041 6.613 -9.458 -5.714 -3.031 34.509 2.355 1.733
-29511.012 329.659 -29675.842 -28.735 -21.850 -9.458 -5.714 -3.031 34.509 2.355 1.733
-29634.533 82.617 -29675.842 -5.388 5.118 -9.458 -5.714 -3.031 34.509 2.355 1.733
-29650.410 50.862 -29675.842 -16.870 -10.511 -9.458 -5.714 -3.031 34.509 2.355 1.733
-29166.805 1018.074 -29675.842 21.019 25.700 -9.458 -5.714 -3.031 34.509 2.355 1.733
-29603.980 143.721 -29675.842 1.798 5.997 -9.458 -5.714 -3.031 34.509 2.355 1.733
-29549.566 252.552 -29675.842 -23.976 -22.082 -9.458 -5.714 -3.031 34.509 2.355 1.733
-29610.922 129.839 -29675.842 0.890 5.649 -9.458 -5.714 -3.031 34.509 2.355 1.733
-29598.094 155.495 -29675.842 -20.690 -18.331 -9.458 -5.714 -3.031 34.509 2.355 1.733
-29515.928 319.828 -29675.842 7.074 12.548 -9.458 -5.714 -3.031 34.509 2.355 1.733
-29665.324 21.034 -29675.842 -6.727 -2.318 -9.458 -5.714 -3.031 34.509 2.355 1.733
